905604003
300029614
460807295
710056008
004180927
809042100
206395040
507261000
193470500

925614873
378529614
461837295
712956438
654183927
839742156
286395741
547261389
193478562
010305084598461007064728519040103070100907060000246108820570341903614025401830796
217395684598461237364728519645183972182957463739246158826579341973614825451832796
070300008136040900840975006600704592254090080700652030007006004005400009401000763
579361248136248975842975316613784592254193687798652431927836154365417829481529763
540931870798020001000000290170483902086702000230016487803070640050340008010008753
542931876798624531361857294175483962486792315239516487823175649657349128914268753
000500704760009025002700038037060000100004080450020003000008050609200071085670340
893512764764389125512746938937865412126934587458127693371498256649253871285671349
710200540260470109490005760906014070584390016107526984079082450050900627042050000
713269548265478139498135762926814375584397216137526984379682451851943627642751893
385000706147000920002704500800005430563020800020080060406100000000002607000008300
385219746147856923692734581819675432563421879724983165436197258958342617271568394
904351860806970001371260090007000009090130052210490700780000006169000005540009300
924351867856974231371268594637825149498137652215496783783542916169783425542619378
500000000920006801100830259637000900054093100019205003480610090300070002062049000
578921634923456871146837259637184925254793186819265743485612397391578462762349518
000014839591800476843096152960102745074650001215487003409260310050340960106908524
627514839591823476843796152968132745374659281215487693489265317752341968136978524
