173008609005703001840190070980001200051000980062059010038070102400000098610000034
173548629295763841846192375984631257351427986762859413538974162427316598619285734
095206387826017040307050600000000003738000001960103005000701200200980050681532974
195246387826317549347859612512498763738625491964173825459761238273984156681532974
002840050704305002596072304000000000970200410008691073167520009039710040405083701
312849657784365192596172384651437928973258416248691573167524839839716245425983761
000000796360059218910680005506700104703146852148002900850004603600000401200000079
485213796367459218912687345526798134793146852148532967851974623679325481234861579
004209087712500649390746052840003500063420801020007934031674098279381065080900713
654219387712538649398746152847193526963425871125867934531674298279381465486952713
860001050009807401040905806300409005600350294004120080920000548005080002418592003
863241759259867431147935826382479165671358294594126387926713548735684912418592673
700349000031750900902810370295060000004038109180927546067093052320000001519284637
756349218831752964942816375295461783674538129183927546467193852328675491519284637
004175068150000430986403005601009783400038000000017540060784001348900620000060800
234175968157896432986423175621549783475638219893217546562784391348951627719362854
890531600060000000050600070370095004400000257001087309900060000700800010008020003
897531642164972835253648971376295184489316257521487369945163728732859416618724593
243069780675103492198427356502631970734952160960874235820305007357206049416708520
243569781675183492198427356582631974734952168961874235829345617357216849416798523
