016402000050800002000000080005210300004300507000000008061000200300000690500160003
816472935459836712237951486685217349124398567793645128961783254378524691542169873
516009040008000526000000000009700210000004095001098000000600087100000002080003050
516279348978341526324865971859736214637124895241598763493652187165987432782413659
000120000030000040002035001400008000005000700000500490001000000060000000847003620
584126937136879542972435861413798256695342718728561493251684379369257184847913625
040081000070560000900000050000000040500608307684009000023000700000000460069000000
245981673178563924936427158397215846512648397684739512423196785851372469769854231
800604000060710080451002060100050200720000039000300000000200300000006002002100045
837694521269715483451832967143958276725461839698327154576249318314586792982173645
050000829290050007840000065900600040010003008000900000000071080007090006080062500
756134829293856417841729365978615243615243798432987651364571982527498136189362574
002000000600070013000006090000107009120000050000800000060004900815020004340001060
432918675698275413751346298584167329126493857973852146267534981815629734349781562
004009801051000920800050040080000005930010000040700030093102000020860090418000300
274639851351487926869251743782396415936514278145728639693142587527863194418975362
004000000650009020007000008098010007400030000200078000002390100000001700105420003
814256379653789421927143568598614237471932685236578914782395146349861752165427893
007000040050020709000734602870046000000070208000000470030000900001002000040301020
267519843354628719918734652873246195496175238125893476532467981781952364649381527
005040200000800000060090001800006130420508070500030800601254007257000000000100500
795341268142865793368792451879426135423518679516937842631254987257689314984173526
900008000000060020000000000073010600020400000408350000830709001000041230000000904
962138457147965823385274196573812649621497385498356712834729561759641238216583974
008000003902400000063007900000000000090000007000098315000070600681020050057010000
548269173972431568163587942815743296396152487724698315439875621681324759257916834
600801039010003800000090002800750000000408005150930000000080204500000073270360000
625871439419523867738694512843752196967418325152936748396187254581249673274365981
004600703306000050905203460090000040042015907700000102000500004000000500527009806
284651793316794258975283461891372645642815937753946182169528374438167529527439816
000600214200400000005007900006080000030009000198000000010020860000003700007800430
879635214261498573345217986456382197732149658198576342913724865584963721627851439
300004010069000070000000563000300007200000100000700640400000005670082000001000400
358674912169253874724918563896341257247865139513729648432196785675482391981537426
005008010030000205000003097901052000802007030000006000000070020000100000450060000
725698413639741285184523697941352768862417539573986142316875924297134856458269371
000420000264000001000003000600500400050030000082100037000900074005000020009007080
391425768264789351578613249613578492957234816482196537836952174745861923129347685
000620000000534090360080004000073400040850000080000600132000005090200070700000942
479621583218534796365789124621973458943856217587142639132497865894265371756318942
709020600000000072000809000000014730008000000047908100090240003800000060370100000
759423681483561972261879354925614738138752496647938125596247813814395267372186549
000000600005200700980750000000006030800000100070030004504002090020008000000004001
237841659145269783986753412452186937893427165671935824514672398729318546368594271
000650123000000000010007006507194000003000000100003650000076580000908000782040000
478659123396412875215387496567194238823765914149823657934276581651938742782541369
030000000500201900026007000001508300287040000000000076050103008600020000000000000
439685217578231964126497583961578342287346159345912876752163498614829735893754621
400008009039000000000600510025406000870100000040000080504201970002007000000040200
451728369639514827287693514125486793873159642946372185564231978392867451718945236
700064010090000760000050000000071082830400000010020904100008000050000000000710400
785964213294183765361257849946371582832495671517826934179548326458632197623719458
000000000005148920100059300007000600800000003513400090006705000701920006052000100
924637851635148927178259364247893615869571243513462798396715482781924536452386179
004060030070080100600000890040630900060908403003745620800506300706010000000800000
984167532375289164612453897248631975567928413193745628829576341756314289431892756
400092001000080900100600000080570002300040000200000006802009600000004710007060000
468392571725481963193657824681573492359246187274918356812739645536824719947165238
201500004750000010000004080602800000040000003500070000820051940000090000060008050
281567394754983612396124587632849175947615823518372469823751946175496238469238751
400001000000000213200050000090803020002500089070000050020004068017020040000000700
438271596759486213261359874596813427142567389873942651925734168317628945684195732
000080007008050034026700000602590000030000008805000900000030400060205000240000700
154389627798652134326714589672598341439176258815423976581937462967245813243861795
000200590010935087000000001001002000605000902000890000000300010050168000090000046
368271594214935687579684231931752468685413972742896153826349715457168329193527846
000006280000003000001090000200600000003900108018040070000000020007000001000162900
749516283562873419831294756274681395653927148918345672196738524327459861485162937
400010020050003800000604001300000087006000004700000100530102490000050013098000000
479815326651723849823694571315246987986571234742389165537162498264958713198437652
004970600000083140910000078790006050050090000006020800300708000500102900001409300
824971635675283149913645278792816453158394726436527891349768512587132964261459387
058020040090408002000000096030000907800070000200000003512040000300060400000503000
758629341691438752423751896135284967869375124274196583512847639387962415946513278
000400019004705000380090000730000090001200073000030080200301060060070124407900008
672483519194765832385192746736814295841259673529637481258341967963578124417926358
064000085000000027000007406050000698070190030000800072640002000520000701000401060
764213985815649327932587416153724698278196534496835172641972853529368741387451269
001600020050000000040080006200000007000003050700004030300120000000000900094378200
831647529652931784947582316213856497489713652765294138376129845128465973594378261
030000072500020000600000800006050200090000050000800001300200900085390600400570300
931648572548927163672135894716453289893712456254869731367281945185394627429576318
002068000070000300400000600804000700000500080700040010007000100910400030003057200
532768941176294358498315672854631729321579486769842513247983165915426837683157294
008001370000000902060490000004920000005000700090000001003006105000500400500012000
958261374431875962762493518314927856625138749897654231283746195176589423549312687
000090600080400000506071000701506304008700520002000100000009400900030205000000001
473895612189462753526371948791526384648713529352984167817259436964138275235647891
000200019237000050000800030000071004029640070100000600000056000300000000006413000
468235719237194856951867432683571294529648371174329685812756943345982167796413528
000007400004900035003100020009000000050001060001506007070000106800000000000300500
528637419164982735793154628689473251457821963231596847375249186846715392912368574
005000080100300070020010000000040000059060840200005000090600000040081700008203064
435726981186359472927418635861947253359162847274835196592674318643581729718293564
000007805001008000000230017350700000076910082000000000080300750539001000000800096
243197865791568234865234917352786149476913582918452673684329751539671428127845396
006071080000006000007302000009060040040709130100000700030050290800000600000690003
256971384413586927987342561379165842548729136162834759631457298894213675725698413
200300000800065920000800304000000009000250010560070000005690000004580001000000540
276349185843165927951827364187436259439258716562971438315694872724583691698712543
000501008200000060800302009000230000007940050002000600500008000069000087070003000
793561428215489763846372519684235971137946852952817634521798346369154287478623195
610800000200090000009050000000000095590030480070005300000600200004709601060542000
613874529257391864849256173136428795592137486478965312985613247324789651761542938
000000000000850026810004500504000037080000600200000001900000040000600200040001005
625713984437859126819264573594126837183475692276398451961532748358647219742981365
060037000030000270000509400000905000000408000008070900003000100174000305000700000
469237518835146279721589463317965842956428731248371956693854127174692385582713694
000800090030010600090045020503000000860000570001000000009200000200038400040000900
615823794432719658798645123573186249864392571921457836189274365256938417347561982
800100000001640037000200605400798020000000000170302000000020501208000060010000400
867135294521649837394287615453798126982416753176352948639824571248571369715963482
000806409005274000010000000000060000003000000000509832007030001050007043800000070
372816459985274316416953728248361597593728164761549832627435981159687243834192675
009007000860000790704800003000000000008002905290138006000000860000904300100203000
539417628861325794724896153376549281418672935295138476943751862652984317187263549
050068072020300005000005400401090007000000900006871000000609700080000001010000060
354968172128347695967125438431596827875234916296871354542619783689753241713482569
000004518800500700000000040000003000430009000008000004940060072300847006006092000
263974518814536729579218643152483967437659281698721354941365872325847196786192435
000500070000270304072080000027958046004700000080601702000000000050800000409000580
643519278891276354572384961327958146164723895985641732718435629256897413439162587
907000105000000920001008000075001309032090000000000002750003008000680010600720000
967342185583176924241958736875261349432897651196534872759413268324689517618725493
017030040000000603600090075800006020030100007006500300020008000300002980060000000
917635842254871693683294175871346529532189467496527318129458736345762981768913254
006400092084009007000000000000600209360000401900710060008030000000070540005020000
536487192184259637729361854851643279367592481942718365478135926213976548695824713
070900000000000300486730090000010083000204016107000042700002000000100800002380670
375921468921648357486735291249516783853274916167893542798462135634157829512389674
004050000500000406000630010200700000840000600600428900000190048003040700050000000
364851297518972436972634815291763584847519623635428971726195348183246759459387162
092050004670040000000000006906510040007030060000000308548760003000095000260180000
192856734675341829384279156936518247827934561451627398548762913713495682269183475
004030600090524007310000000060080501509760000000940000908400025001050000050000164
274139658896524317315678249467382591589761432123945876938416725641257983752893164
200800000000010800070634000000000000648390000000087001700040020004160007120000340
253879614469215873871634295917526438648391752532487961785943126394162587126758349
070800054500070000800034026709000502200300078080000049400290301007003000000050200
372816954564972813891534726749168532215349678683725149456297381127683495938451267
059001000000080000400006080307000000000000008001003060700300145090010820000700030
859231476176984253432576981387692514265147398941853762728369145693415827514728639
601700000040102060020500900500070000900006300074090000000000690200900700008601000
651789234849132567327564918536278149982416375174395826413857692265943781798621453
010090080900000006008061000500080007090006350000003800045800003000000570109004000
416395782957248136328761495531982647892476351764153829645827913283619574179534268
007401000000000090000923004004050030093000020060100005040002000870000301000800900
927481653431675298685923714714256839593748126268139475149362587872594361356817942
000290040900000205003000081600820000100005003007300000370000510000700000018040700
851297346964138275723654981635821497192475863487369152376982514549713628218546739
020080605000046002005900074600000050003000020047000800250038001700009200008207503
924783615371546982865921374682394157193875426547612839259438761736159248418267593
020600000400900005109300400008000000042007081090080002000240000030010700010006500
723654198486971235159328467678192354342567981591483672967245813235819746814736529
001006037703000080800010509000005860150600400300000000600940000030000050970000000
591486237743529681862317549429175863157638492386294715615942378238761954974853126
000600230000017004109030800080300006000006080050009703300000000007085002800000900
574698231238517694169432875982371456743256189651849723396724518417985362825163947
700280006900600000000710950070000000348105700090020004100000470200001000007002600
715289346983654217426713958672498135348165729591327864159836472264971583837542691
023007940000150007004000000500000400000000070000310006900020081600508000070000009
123687945869154237754239168592876413316945872487312596945723681631598724278461359
650000000000000907203000106000712430000300570000005009000049000000050700100000004
657921843418563927293874156569712438842396571371485269726149385934658712185237694
200000600009100008000006500000097000040500000790003025000000807001004900970065003
257948631639152478418736592125697384843521769796483125562319847381274956974865213
064000005002730600190560000240900060000040907000601050600090002000408310000000800
364819725582734691197562483245973168816245937973681254638197542729458316451326879
670001002500006400030504007790403001000800003000000046005000020203100605900302000
674981532529736418831524967792463851456817293318295746145678329283149675967352184
000700600000391004210860000800000000050000300000000047001000400000603002067180050
943725681786391524215864739879436215154278396632519847321957468598643172467182953
004906013050400006090003020340000500000000040000580062010007600030000080000005034
724956813153428796896713425348269571265371948971584362412837659539642187687195234
470128000000000000000046000010300005000091030030052049080060950903000400650009020
475128693861935274392746518219374865546891732738652149184263957923517486657489321
060030000307500000900062000000076000705001064010045800000087900000653000206004058
164739582327518649958462173493876215785921364612345897541287936879653421236194758
090700000015009002060010507000070100030900200900160840000003001006000080000600000
294756318715839462863214597642378159138945276957162843579483621326591784481627935
009000600204009003006700000000030008000002000307005900951000060000060080000400012
189253647274619853536784291425936178698172435317845926951328764742561389863497512
600007309000900000000001000100790806509600030800003005706000001201070000085040900
628457319417932658953861274132795846579684132864213795746329581291578463385146927
708000090942800500000930000010008000070010006800300001004091300320640000001003050
738152694942876513156934278219468735473519826865327941584291367327645189691783452
076500000800040009000002000004009001300000000000476030007000500005000418000630000
476591382812743659593862174764359821359218746281476935927184563635927418148635297
010006400000052007060100000300000820070000000940020001080000000006543900000080014
215796483493852167867134295351479826672318549948625731784961352126543978539287614
206500080100207000050000400004000020000930500610800000500001008031400050009000007
276549381143287965958163472394715826782936514615824793567391248831472659429658137
002000006004010000009000347090240000000780260070900000025000603360000050000000004
732894516654317982189562347893246175541783269276951438425178693368429751917635824
000000000020000360008320007900160025002000400070402008004000001001083002005900003
357614289129875364468329157943168725812597436576432918734256891691783542285941673
060308000910400008800000400030000080040000006000090130000704802005200070000810005
564328719913475628872961453639142587147583296258697134391754862485236971726819345
003800000010703000005000000087000200200060070100000400000000007502040080800005903
693852714418793652725416839987534261254961378136287495369128547572349186841675923
500140390080000600000050040640010030100003006700000120006001003004926001010705000
567148392489372615231659847648217539125893476793564128976481253354926781812735964
008020009000000040000060207090000001060079402504006000000407000005002000402500930
148723569726951348359864217297345681863179452514286793631497825985632174472518936
000090000001000720007003054050004002908560010000028600000000040040070506800000207
584792361631485729297613854756134982928567413413928675379256148142879536865341297
071800390500004007003200005006048000000000906207000804000003500000400018089501400
471856392562934187893217645956348271348172956217695834124783569635429718789561423
100300000000000780000578009000463100090005004060000302009000000006900420010002900
178329546952146783643578219825463197397215864461897352289754631736981425514632978
070200000060090100090000075000803902409000000003400050085302069000000000000016504
571238496364597128298164375617853942459621837823479651185342769946785213732916584
300020900107000006026040000000070000048001000002600310000000080270400600005009037
354126978187395246926847153531972864648531729792684315419763582273458691865219437
000000000090006400000980007000100000810040200670002015009004008040005700360000001
786453192591726483432981657925167834813549276674832915159674328248315769367298541
030020000008000509040005003815002000000000000064900002106750090300000005400008071
531629784678341529942875163815462937293587416764913852126754398387196245459238671
700084000080000607400769000000030004009078000537040000002010050006090030000605900
761384295983251647425769318618932574249578163537146829892413756156897432374625981
005421309701000508000850000007340060000089000608070004000510003000000900200000400
865421379721936548349857612197342865452689137638175294986514723574263981213798456
309006000040030000010200000800000600100000009005820000080000060021074090900603004
379456182248137956516298743892341675134765829765829431483912567621574398957683214
500000006060213090090000200600000500700100030203806010900007160004000870870300409
521978346468213795397645281619734528785192634243856917952487163134569872876321459
000003602000008000600400000028500000406900000050800940280000097040007050000340000
894753612312698574675412839928534761436971285751826943283165497149287356567349128
060000010040000000000754600004000850950000071308506000000008920002490000800007003
267983514543621798189754632724139856956842371318576249471368925632495187895217463
100000020000000068500809700000300000300002500080070301010008000970205830000703009
198637425237451968546829713751394682369182574482576391613948257974215836825763149
823000015041200000960803002150000700007480090094500800319000080486020150002140000
823794615741265938965813472158932746237486591694571823319657284486329157572148369
000600020000008000000031007000360002200009706590000301603810200020790000080500070
351647829762958134948231567817365942234189756596472381673814295425793618189526473
500300009300201040920040600400002700060000900000000001000009003080500090000600080
548367219376291845921845637415932768263718954897456321652189473784523196139674582
084000010520870000007400800900000308700080901000100060001730500043000000605002000
384695217529871634167423895916247358752386941438159762891734526243568179675912483
930570001000000035006000008000000004007005960005309000020786000600010040070000080
938574621241698735756231498392167854417825963865349172524786319683912547179453286
005600000702890030006040000000060009064000000000000007000070080000002051010000240
985623174742891635136547892871364529264759318359218467423175986698432751517986243
108000009003000504000653000000709060070000840086000000900205000000060001030070006
158427639623891574794653128412789365579136842386542917967215483245368791831974256
010502000000080704200000100060820001000300000907000600001600000053400060000003000
714562389536981724298734156365827941142396875987145632421678593853419267679253418
007001000940000500020004003000800630406000000000000100090012060000006900050007208
867351492943278516125694783512849637476123859389765124798412365234586971651937248
040005003020000500080000290800003000793840002050006000000500106000690040502000000
941725863627389514385164297816253479793841652254976381479538126138692745562417938
040000000000064708600000020500702000003000006000093000400900500000020674000108000
248517369395264718617839425569782143873451296124693857432976581981325674756148932
003900000006150029000000800701000082050000000020008500930475000200090000000003000
573982146486157329192364875761539482854721693329648517938475261215896734647213958
894600000000000900100900005000000000307000200010093007070000008002000041081470029
894657132725318964163942875948726513357184296216593487479231658532869741681475329
950020000030800700007005020090000000208300004304000090500096003000083070070004900
956427381432861759187935426795142638268379514314658297521796843649583172873214965
006001900102000805007208000000032000270400000000050410000190000020700169000000350
386571924142369875957248631415832796279416583638957412763195248524783169891624357
050002003014000005003000010000004000007010008000860470020301650360040187001000930
856192743214637895973458216138724569647915328592863471729381654365249187481576932
710090000000300004030485760007008096003000000000009050500000008026040000000000500
714296385685317924932485761457138296293654817168729453541972638826543179379861542
000040080800000050000060309083600071590000003006403020000800030001000006600007042
165349287839172654247568319483625971592781463716493528924816735371254896658937142
020000070030407500008010400005006701000000039400901000300000964000070000010090000
124569873936487512758213496295836741861745239473921658387152964649378125512694387
030184000700000600000020400214009070800000000070210000500600301000803205000500000
632184957748935612195726483214359876853467129976218534587692341461873295329541768
000020037005000000002030600001603080850002003000100406007300150600205000528910060
164829537395764821782531649471693285856472913239158476947386152613245798528917364
790004005000207006000090700603080000000000300900602500070908210000000603000100000
796314825138257496524896731653789142287541369941632587375968214819425673462173958
000002000860000007070900005000007100000090046240000000030040508005029760000010093
359172684862534917174968235693487152517293846248651379931746528485329761726815493
300006000000800504000000020007695000900020045050070936000003082600040300000700609
384256197219837564576914823437695218961328745852471936795163482628549371143782659
675003090000710430000900000000890000030000008507340200001000560700000000208001900
675423891892715436413968725126897354934152678587346219341289567769534182258671943
000070000030400580001080790007050200005047906603000000400090060000000007060000400
984572613736419582251386794197653248825147936643928175472895361319264857568731429
005060000300000510070000040006005000200070050080040900900700020000301400028004000
415267839362498517879513642796135284241879356583642971934786125657321498128954763
000000005590407032002008006908004060050009080000280009080030400314000090000800001
841362975596417832732598146928154763153679284467283519685931427314725698279846351
020801306078090000060305000100928705780000000000710400000109030600000050010507200
925841376378692514461375982134928765789456123256713498542189637697234851813567249
203009500100000004805000010000840000020007063000060008001450900600902005902030000
243619587196578324875324619367845291528197463419263758781456932634982175952731846
000649000000020403000500016003070080009100004704000500801004002000008000090060030
138649257675821493942537816513472689289156374764983521851394762326718945497265138
030600000900108007500490000000705264000000005400261700070000500010003000800070300
731652948924138657586497132193785264267349815458261793372914586615823479849576321
002000900043000080100000040006059210905008030000600008000010050300800007000040009
652384971743192685189576342836759214915428736427631598268917453394865127571243869
564700000001030040037040610000057100800000067015006030003500482002000000008004000
564719823981632745237845619326457198849123567715986234693571482452368971178294356
300000640000800007701040003000100402506000000030008000002010000000239050043000009
328971645495863217761542893879156432516324978234798561952417386687239154143685729
900700000700000016000901070203008001100307005000009800615000080309000400000005000
961732548732584916854961372243658791198347625576129834615473289329816457487295163
009020000510006300200078000000800503000200070000705290820000706901000400300010900
489123657517946382263578149742891563695234871138765294824359716971682435356417928
106080030450300000070960000001000840007000190000145600380050000705036010000200000
126587439459312786873964521261793845547628193938145672382451967795836214614279358
700000601690274008508000007430501000200009000000020140000900000000342080070000500
743895621691274358528163497437581962216439875859726143384957216165342789972618534
080020753079308000000000000060804002000003005430000000000680010600050207801007000
184926753579348621326175498765894132912763845438512976257689314693451287841237569
000010007560000020000507008000000080900004300301060059002093000058000000100020800
894612537567389421213547968725931684986754312341268759672893145458176293139425876
680003000005009010090040083970204005006000000002708000000030008201000700000000301
684153972325879416197642583973214865816395247542768139759431628231986754468527391
000500000031000400509002003600209000000700928200100604060000107008000090010900000
726543819831697452549812763684239571153764928297185634965328147378451296412976385
080100000000730000270000400420000080708406001500001040000690070000204003900310002
689142735154739628273865419421573986798426351536981247312698574867254193945317862
000600830091400005000009004000074000007280910500000000008097420700000000000002058
274651839691438275853729164916374582347285916582916347168597423725843691439162758
200000005605010980090050203080000536063000001000600090300180654009070308050020700
278963145635412987491857263982741536563298471714635892327189654149576328856324719
001005008000000000408230006180000060000700043003600200016002000090008602005400009
621945378937816524458237196189324765562781943743659281816592437394178652275463819
000750300000009602000000000090040006602000010703000085008102003100600000200084070
824756391357819642916423857591248736682537914743961285478192563139675428265384179
973000000000030100410000060000000007000010000065900080600025000059847610107000058
973561842586234179412789365821456937794318526365972481638125794259847613147693258
000100605060403000295000040010570000000001350006300210003020001700800002028030070
437192685861453729295687143312578964974261358586349217643725891759816432128934576
004520000500809200600000070020050000006080010000400000001000460300000800009040025
814527639573869241692134578927651384456983712138472956281795463345216897769348125
002000050000140020040900000017030000203000870008060500000000080000200604050007000
982376451635148927741925368517839246263514879498762513126493785879251634354687192
020600000069030000307000005000080009000012030010009670600503090000000500800000001
124695783569837214387241965732486159956712438418359672641523897293178546875964321
070000400400800090030005002000680904300017500002000100007309000900000000010040079
678192453425836791139475862751683924394217586862954137547329618983761245216548379
000560070040000900100009003000298000001040000005000009070600000600002000098070004
839561472246837915157429683763298541981345726425716839372654198614982357598173264
840907000002500800900003000100000048030070200000000035000306000609020000080000000
843967152762541893915283467127635948538479216496812735274396581659128374381754629
267000010050076000000200500180000230000000005004050000090630000700800900300097026
267345819851976342439281567185769234673428195924153678592634781746812953318597426
006500700004000090000009010030010000000400180000078030000006941000004200009200608
396581724184762395572349816238915467657423189941678532723856941865194273419237658
270105080003800000000000000000009000005014690021030000607050901100060050300900768
276195483413826579598473216764589132835214697921637845647358921189762354352941768
090163782070000040000000006069002000702001000800700423600510030030007000400600205
594163782176285349283974156369842517742351698851796423627518934935427861418639275
400058009000004830150900040509037408003019002000000003002300080005090000074000600
436258179297164835158973246529637418683419752741582963962341587815796324374825691
406012003000800001003000008051080200067000300002609000004020000700090102205730004
486912573579863421123475698951387246867241359342659817694128735738594162215736984
020000007600000030709860000010008320090002700002079040004080003185200090060401000
328194567641725938759863214517648329496312785832579641274986153185237496963451872
300000046002106800080000005610090000020500060005002104054001720000000000100203000
391875246542136897786429315618394572423517968975682134854961723239748651167253489
620304005003600040010050600238065400000000036400103580040700001300080000100400060
629314875583679142714258693238965417951847236467123589842736951396581724175492368
403020000120000070005400000000000009910070080004005300200087000051000200040019700
493728561126953874875461932537842619912376485684195327269587143751634298348219756
007000020080010006090300000108030040700090300009240000006005103004700008000100070
437856921582914736691372485128537649745698312369241857276485193914723568853169274
000030000470800290002000150000001380000000400510000070054702000003000000000560008
195237864476815293832496157249671385367958412518324679654782931783149526921563748
400070580010000000907000400206093008040000000500060000000008090793100040000936000
432679581618524379957381462276493158349815627581267934165748293793152846824936715
007100020400000001060000700080900430340006205570843016000001040000004560000080070
857139624423567891961428753186952437349716285572843916695271348718394562234685179
090001082010400600008907000002008560000090003609040000000050010980000007001070800
394561782217483695568927431142738569875692143639145278723856914986214357451379826
000009000004000200019630050026090000100004030000020086203040107601000508000100000
852419673364857291719632854426398715178564932935721486283945167691273548547186329
000000000002390017050021040007000001310000092008900000000050000200140030163002000
931467285842395617756821349597238461314576892628914573479653128285149736163782954
000020000700000003400500800007000000039400750000870020008100500040000201001000389
183724695752698413496531872867952134239416758514873926328169547945387261671245389
007208000800730002600040005000690500070000600020104000080009000003850040400070000
957268413814735962632941875348697521179523684526184397285419736763852149491376258
140590030003700050057000209600000003000000042005030000000600100000000020000210908
146592837293781456857364219618427593739158642425936781982643175561879324374215968
000000302071803590000000070639000200002600003700200050000000700010457000080000001
895714362271863594463925178639548217152679483748231956924186735316457829587392641
008003026006010080000604005000090060500400090000061800000040003800009000070500040
418953726356712489297684135781395264562478391934261857629847513845139672173526948
400900170007040005039000040000507000705030600000090002020109006000400020000080500
456928173287341965139765248962517384745832691813694752528179436391456827674283519
100000000000008093060500000209006070000130000007020000600070900000000106040003800
198364752524718693763592418239846571456137289817925364682471935375289146941653827
053040020600908004000030800000000692000802000040090000000400765700023080095000000
853641927627958314914237856538174692179862543246395178382419765761523489495786231
000000203500493000083010000004000060006009700010300000000100000402006300371025008
149658273527493186683217594934571862256849731718362459865134927492786315371925648
030429070064000300002000084000000095029600000006001207680070009400806000093040700
538429176964718352172563984341287695729654831856931247685372419417896523293145768
010700000300800904500600000600000500000000072038007060009000408000000300850406001
912743685376825914584619237627981543195364872438257169769132458241578396853496721
092753000475009000000020900700802600200060008000000003000106009081200030600900070
192753864475689312368421957734812695259367148816594723547136289981275436623948571
069003510045100000300006040000509007000200000402000190000000620006800000590010080
769423518245187369318956742681549237973261854452378196834795621126834975597612483
176020500894730600000000004058107300000003000700000401003600000000089060000000205
176924538894735612325816974458197326612453897739268451583672149241589763967341285
